21	601	4096	420	0
21	601	4128	420	0
21	601	4160	420	0
21	601	4192	420	0
21	601	4224	420	0
21	601	4256	420	0
21	601	4288	420	0
21	601	4320	420	0
21	601	4352	420	0
21	601	4384	420	0
21	601	4416	420	0
21	601	4448	420	0
21	601	4480	420	0
21	601	4512	420	0
21	601	4544	420	0
21	601	4576	420	0
21	601	4608	420	0
21	601	4640	420	0
21	601	4672	420	0
21	601	4704	420	0
21	601	4736	420	0
21	601	4768	420	0
21	601	4800	420	0
21	601	4832	420	0
21	601	4864	420	0
21	601	4896	420	0
21	601	4928	420	0
21	601	4960	420	0
21	601	4992	420	0
21	601	5024	420	0
21	601	5056	420	0
21	601	5088	420	0
21	601	5120	420	0
21	601	5152	420	0
21	601	5184	420	0
21	601	5216	420	0
21	601	5248	420	0
21	601	5280	420	0
21	601	5312	420	0
21	601	5344	420	0
21	601	5376	420	0
21	601	5408	420	0
21	601	5440	420	0
21	601	5472	420	0
21	601	5504	420	0
21	601	5536	420	0
21	601	5568	420	0
21	601	5600	420	0
21	601	5632	420	0
21	601	5664	420	0
21	601	5696	420	0
21	601	5728	420	0
21	601	4048	0	0
21	601	4048	32	0
21	601	4048	64	0
21	601	4048	96	0
21	601	4048	128	0
21	601	4048	160	0
21	601	4048	192	0
21	601	4048	224	0
21	601	4048	256	0
21	601	4048	288	0
21	601	4048	320	0
21	601	4048	352	0
21	601	4048	384	0
21	601	4048	416	0
21	601	4048	448	0
21	601	4048	480	0
21	601	4048	512	0
21	601	4048	544	0
21	601	4048	576	0
21	601	4048	608	0
21	601	4048	640	0
21	601	4048	672	0
21	601	4048	704	0
21	601	4048	736	0
21	601	4048	768	0
21	601	4048	800	0
21	601	4048	832	0
21	601	4048	864	0
21	601	4048	896	0
21	601	5616	0	0
21	601	5616	32	0
21	601	5616	64	0
21	601	5616	96	0
21	601	5616	128	0
21	601	5616	160	0
21	601	5616	192	0
21	601	5616	224	0
21	601	5616	256	0
21	601	5616	288	0
21	601	5616	320	0
21	601	5616	352	0
21	601	5616	384	0
21	601	5616	416	0
21	601	5616	448	0
21	601	5616	480	0
21	601	5616	512	0
21	601	5616	544	0
21	601	5616	576	0
21	601	5616	608	0
21	601	5616	640	0
21	601	5616	672	0
21	601	5616	704	0
21	601	5616	736	0
21	601	5616	768	0
21	601	5616	800	0
21	601	5616	832	0
21	601	5616	864	0
21	601	5616	896	0
21	601	4096	228	0
21	601	4128	228	0
21	601	4160	228	0
21	601	4192	228	0
21	601	4224	228	0
21	601	4256	228	0
21	601	4288	228	0
21	601	4352	292	0
21	601	4384	292	0
21	601	4416	292	0
21	601	4448	292	0
21	601	4480	292	0
21	601	4512	292	0
21	601	4544	292	0
21	601	4576	292	0
21	601	4608	292	0
21	601	4640	292	0
21	601	4672	292	0
21	601	5440	356	0
21	601	5536	292	0
21	601	5568	292	0
21	601	5600	292	0
22	601	4292	227.95	1	1	0
22	601	4380	291.95	-1	-1	0
22	601	4676	291.95	1	1	0
22	601	4829	419.95	-1	-1	0
22	601	5460	355.95	1	-1	0
22	601	5548	291.95	-1	1	0
14	607	902	4160	288	1	100	4	1001	0
14	607	902	4288	160	1	100	7	700	1008	0
14	607	902	4416	224	1	100	7	700	1008	0
14	607	902	4544	160	1	100	6	1010	0
14	607	902	4672	352	1	100	9	1004	0
14	607	902	4800	288	1	100	4	1001	0
14	607	902	4928	352	1	100	10	1013	0
14	607	902	5056	352	1	100	4	1001	0
14	607	902	5184	288	1	100	4	1001	0
14	607	902	5312	352	1	100	4	1001	0
14	607	902	5440	288	1	100	4	1001	0
18	318	319	902	4600	222	1	100	100	4	1001	0
18	318	319	902	4640	222	1	100	100	4	1001	0
18	318	319	902	4680	222	1	100	100	4	1001	0
18	318	319	902	4800	350	1	100	100	4	1001	0
18	318	319	902	4840	350	1	100	100	4	1001	0
18	318	319	902	4880	350	1	100	100	4	1001	0
18	318	319	902	4950	350	1	100	100	4	1001	0
18	318	319	902	4990	350	1	100	100	4	1001	0
18	318	319	902	5030	350	1	100	100	4	1001	0
25	602	5472	354	1	100	3	1012	0
16	335	336	5400	100	0
13	337	338	902	5400	100	0	400	16	0
15	1014	5392	256	0	0
0	200	201	202	203	5616	192	0	100	0