110	100	2001	0
111	100	2002	2003 	0
112	100	2004	0
113	100	2005	2004	0
114	100	1001	1002	1003	1004	1005	1006	1007	1008	1009	1010	1011	1012	1013	1014	1015	1016	0
115	70	1013	1014	1015	1016	0
200	200	30001	30002	30003	0
201	200	30003	30002	30001	0
202	100	30003	0
203	100	30001	0
300	200	40001	40002	40003	0
301	200	41001	41002	41003	0
302	200	40004	40005	40006	0
303	200	41004	41005	41006	0
304	50	40007	40008	40009	40010	0
305	50	40011	40012	40013	40014	0
306	50	40015	40016	40017	40018	0
307	50	41007	41008	41009	41010	0
308	50	41011	41012	41013	41014	0
309	50	41015	41016	41017	41018	0
310	100	80001	0
311	100	81001	0
312	50	80002	80003	80004	80005	0
313	50	81002	81003	81004	81005	0
314	50	80006	80007	80008	0
315	50	81006	81007	81008	0
316	100	81009	0
317	100	81009	0
318	100	90001	90002	0
319	100	91001	91002	0
321	100	90003	0
322	100	91003	0
323	70	90004	90005	90006	0
324	70	91004	91005	91006	0
325	300	90005	0
326	300	91005	0
327	150	90007	90008	90009	90010	0
328	150	91007	91008	91009	91010	0
329	100	90011	0
330	100	91011	0
331	100	90012	0
332	100	91012	0
333	100	90012	90013	0
334	100	91012	91013	0
335	100	90014	0
336	100	91014	0
337	100	91101	0
338	100	91102	91103	0
400	100	10001	0
401	100	20001	0
402	80	10001	10002	10003	10004	0
403	80	20001	20002	20003	20004	0
404	100	10005	0
405	100	20005	0
406	210	10005	10005	10001	10001	0
407	210	20005	20005	20001	20001	0
408	100	10006	0
409	100	10008	0
410	100	10006	10007	10006	0
411	100	10008	10009	10008	0
412	100	20006	0
413	100	20008	0
414	100	20006	20007	20006	0
415	100	20008	20009	20008	0
416	230	10010	10010	10005	10001	0
417	230	20010	20010	20005	20001	0
418	250	10010	10010	10011	10011	10011	10011	0
419	250	20010	20010	20011	20011	20011	20011	0
420	90	10012	10013	10014	10001	0
421	90	20012	20013	20014	20001	0
431	105	10012	10013	10014	10001	10001	10001	0
432	105	20012	20013	20014	20001	20001	20001	0
422	105	10015	10016	10017	10005	0
423	105	20015	20016	20017	20005	0
424	105	10018	10019	10020	10006	0
425	105	20018	20019	20020	20006	0
426	105	10021	10022	10023	10008	0
427	105	20021	20022	20023	20008	0
428	70	10027	10025	10026	10001	10027	10025	10026	10001	0
429	70	20027	20025	20026	20001	20027	20025	20026	20001	0
430	1000	20028	0
440	100	610001	0
441	100	620001	0
442	80	610001	610002	610003	610004	0
443	80	620001	620002	620003	620004	0
444	100	610005	0
445	100	620005	0
446	210	610005	610005	610001	610001	0
447	210	620005	620005	620001	620001	0
448	100	610006	0
449	100	610008	0
450	100	610006	610007	610006	0
451	100	610008	610009	610008	0
452	100	620006	0
453	100	620008	0
454	100	620006	620007	620006	0
455	100	620008	620009	620008	0
456	230	610010	610010	610005	610001	0
457	230	620010	620010	620005	620001	0
458	250	610010	610010	610011	610011	610011	610011	0
459	250	620010	620010	620011	620011	620011	620011	0
460	90	610012	610013	610014	610001	0
461	90	620012	620013	620014	620001	0
462	105	610012	610013	610014	610001	610001	610001	0
463	105	620012	620013	620014	620001	620001	620001	0
464	105	610015	610016	610017	610005	0
465	105	620015	620016	620017	620005	0
466	105	610018	610019	610020	610006	0
467	105	620018	620019	620020	620006	0
468	105	610021	610022	610023	610008	0
469	105	620021	620022	620023	620008	0
470	70	610027	610025	610026	610001	610027	610025	610026	610001	0
471	70	620027	620025	620026	620001	620027	620025	620026	620001	0
472	1000	620028	0
601	100	50001	0
602	100	50006	0
603	100	50007	0
604	100	50008	0
605	100	50009	0
606	100	50002	50003	0
607	100	50004	50005	0
900	100	60001	0
901	100	60004	60005	60004	60005	0
902	130	60001	60002	60003	60004	60004	0
903	180	60006	0
904	100	60007	0
1001	100	70010	0
1002	100	70008	0
1003	100	70001	0
1004	100	70002	0
1005	100	70006	0
1006	100	70014	0
1007	100	70015	0
1008	100	70016	0
1009	100	70004	0
1010	100	70007	0
1011	100	70011	0
1012	100	70012	0
1013	100	70005	0
1014	100	70017	70018	0
1015	100	70003	0
